freqs:, 1, 0.0, 0.0, 0.0, 0.46387822201819195, 0.6352223747272853, 0.6995495153064424, 0.8170638313049099, 0.8631556304037534, 0.8878663313648633, 0.9422664631062794, 0.984630765489978, 0.99621173290187
freqs:, 2, 0.025, 0.0, 0.0, 0.464421425236394, 0.6357886486029246, 0.6402335512486432, 0.6953279985956778, 0.704771015615387, 0.8168476073291533, 0.8626024775128754, 0.8883448459915427, 0.9413520109279669, 0.9706540621494344, 0.9730370356963987, 0.9841807136455455
freqs:, 3, 0.05, 0.0, 0.0, 0.04705147326440309, 0.04966323412539461, 0.46616165918510366, 0.6370331319873627, 0.6405689482178363, 0.6905064756335456, 0.7103164920657494, 0.816195502434148, 0.8611221305798313, 0.8895454795041463, 0.9383732115223096, 0.9485665765388254, 0.9542941875981951, 0.9638459372160234, 0.9843342220141783, 0.9996738071705131
freqs:, 4, 0.07500000000000001, 0.0, 0.0, 0.07026831010932963, 0.07387604752079642, 0.47008032779716685, 0.6360032253529804, 0.6438267047727252, 0.6861892682927588, 0.7159090081025811, 0.8149984428446642, 0.8590427705046307, 0.8908809188170004, 0.9204723908136823, 0.923131122135658, 0.9288175117998082, 0.9346847104163073, 0.9855823800240298
freqs:, 5, 0.1, 0.0, 0.0, 0.09102530830162942, 0.09849393391993332, 0.47381609472907366, 0.4758134810613998, 0.6348249299769418, 0.6475306730414603, 0.6824350112157137, 0.7216208262836376, 0.8130073164713786, 0.8181439906185288, 0.8567030476863533, 0.8906718074946164, 0.8972092543120147, 0.9007582333405743, 0.911316058706352, 0.9310123111534083, 0.986595375404567
freqs:, 6, 0.125, 0.0, 0.0, 0.10570618467285849, 0.12375303640911983, 0.4808448852237332, 0.6333342887148119, 0.6513728809973053, 0.6794756578515214, 0.727451178973643, 0.8096254599534133, 0.8158012122437525, 0.8542919908613926, 0.8735011368949832, 0.879890978987886, 0.88949449284436, 0.9004385653088764, 0.928050184011298, 0.9909525060503533
freqs:, 7, 0.15000000000000002, 0.0, 0.0, 0.11691688379187848, 0.14906557479375632, 0.48489836917243495, 0.6311820319521936, 0.6549048379196064, 0.6775877370305894, 0.7334000312152431, 0.8040000250663358, 0.8146397615364577, 0.8478041657205677, 0.852496198600047, 0.9030609212077639, 0.9256457605565512
freqs:, 8, 0.17500000000000002, 0.0, 0.0, 0.12620515587584533, 0.1747507376803566, 0.48840261703754434, 0.6286844886435672, 0.6574806256335567, 0.6775514083555021, 0.7394620674432698, 0.7959836255620003, 0.8126786882122422, 0.8173099306219943, 0.8524127792300549, 0.9036960292760946, 0.9245403274991331, 0.993891935756432
freqs:, 9, 0.2, 0.0, 0.0, 0.134530148457637, 0.20011464500556148, 0.49139698744934307, 0.6256860255937672, 0.6584912389213446, 0.6797526377136597, 0.745622111974402, 0.7848146644120612, 0.7996984410794878, 0.810465593172277, 0.9022001744913595, 0.9254087823960728, 0.9956933920661575
freqs:, 10, 0.225, 0.0, 0.0, 0.14236089900595805, 0.225349317212117, 0.4938023384477171, 0.6220942916974777, 0.658101351072417, 0.6838073169114092, 0.7518824514453177, 0.7692968279384306, 0.7753247052115297, 0.8074902266825413, 0.8987669780838764, 0.9277568912312744, 0.997271098129648
freqs:, 11, 0.25, 0.0, 0.0, 0.14989889831073774, 0.25039779199561735, 0.49550285939306254, 0.6180350025320741, 0.6888723944245281, 0.7485992425909994, 0.750321355077193, 0.7582983386483161, 0.804032464243996, 0.8941288576962023, 0.9311239426272688, 0.9958318750351827
freqs:, 12, 0.275, 0.0, 0.0, 0.15721798591106176, 0.275203142389906, 0.49641965266017807, 0.6134949324001442, 0.694322475017376, 0.7244663147536906, 0.7291346000896971, 0.7647377228379983, 0.8001686388851598, 0.8887613749844566, 0.9342283920698515, 0.9987524151458461
freqs:, 13, 0.30000000000000004, 0.0, 0.0, 0.16431793643482892, 0.29934236160022937, 0.4964978178827698, 0.6086134417327577, 0.6991552109255877, 0.6992344412972199, 0.7712601504621341, 0.7958626833991301, 0.8829759349541425, 0.9376912201619731, 0.9988499430828927
freqs:, 14, 0.325, 0.0, 0.0, 0.17114941743996326, 0.3179134473954276, 0.3251098277688366, 0.49566055807384707, 0.6033576714890858, 0.6595546883054594, 0.6804552915327142, 0.7066492241057638, 0.7778618458100499, 0.7914304811394857, 0.8768319541758857, 0.9402381489373737, 0.9889113515120799
freqs:, 15, 0.35000000000000003, 0.0, 0.0, 0.17762651628840398, 0.320667231950799, 0.3505315158509774, 0.597568600165969, 0.7130343100799786, 0.7846516795097545, 0.7862045306808966, 0.8705663601469825, 0.9434932797327227, 0.9520495530212412, 0.9981905880092625
freqs:, 16, 0.375, 0.0, 0.0, 0.18362463333866325, 0.3177635220798774, 0.3739388596412287, 0.5909288733754989, 0.7191392721305971, 0.7813603106036574, 0.791477855440726, 0.8640709848101049, 0.9457842414960883, 0.9963138131287305
freqs:, 17, 0.4, 0.0, 0.0, 0.18898183947755515, 0.3139771701866313, 0.3953141698940754, 0.5829352990193009, 0.6093295310268027, 0.7249968888105055, 0.7767164580086805, 0.7981757501582702, 0.8573994083770569, 0.9466773542029114, 0.965366994419514, 0.9932493899323501
freqs:, 18, 0.42500000000000004, 0.0, 0.0, 0.1935022186980852, 0.3104009439270232, 0.4128518837757177, 0.4255788854284164, 0.5709490937147107, 0.7305244863727425, 0.7719817552442806, 0.8049370627514915, 0.8498205226020213, 0.9479888409914015, 0.9661218506424456, 0.9907281475181109
freqs:, 19, 0.45, 0.0, 0.0, 0.19696446758514619, 0.3075213962932007, 0.4266051058056397, 0.4520056318297815, 0.46083759397318164, 0.5502410487406479, 0.5561621139306502, 0.7354538589604431, 0.7675043526250004, 0.8116800080752153, 0.8379561829271479, 0.9486945445488257, 0.9696271289127704, 0.9891228707172384
freqs:, 20, 0.47500000000000003, 0.0, 0.0, 0.19915266904616882, 0.3056463218196995, 0.4359717567089524, 0.4594621718342132, 0.4749017258642634, 0.5249442926728649, 0.7391555582002426, 0.7639531991384928, 0.8183684790877699, 0.8315336634231166, 0.9495654812679419, 0.9717854242594732, 0.9867180336289301
freqs:, 21, 0.5, 0.0, 0.0, 0.1999024403414955, 0.30497042434486354, 0.4396257113903067, 0.45820415853764407, 0.4997919225574261, 0.7405911713772847, 0.7622561611332983, 0.8244009013685678, 0.9504734728254204, 0.9655114384713928, 0.9808503469045691
